0,347
0,300
0,346
0,299
0,298
0,297
0,421
0,296
0,420
0,295
0,419
0,294
0,293
0,292
0,418
0,291
0,290
0,289
0,415
0,288
0,424
0,287
0,414
0,286
0,413
0,285
0,412
0,284
0,343
0,283
0,282
0,410
0,281
0,409
0,280
0,408
0,279
0,342
0,278
0,431
0,430
0,429
0,322
0,425
0,436
0,435
0,314
0,50
0,49
0,348
0,48
0,311
0,47
0,309
0,46
0,306
0,45
0,301
0,6
0,277
0,276
0,407
0,275
0,406
0,274
0,405
0,273
0,404
0,272
0,354
0,271
0,341
0,270
0,403
0,269
0,268
0,401
0,267
0,400
0,266
0,340
0,265
0,339
0,264
0,334
0,263
0,399
0,262
0,398
0,261
0,260
0,396
0,259
0,333
0,258
0,395
0,257
0,394
0,256
0,393
0,255
0,392
0,254
0,332
0,253
0,391
0,464
0,252
0,251
0,389
0,250
0,388
0,249
0,328
0,248
0,387
0,247
0,386
0,246
0,385
0,245
0,384
0,244
0,326
0,242
0,383
0,241
0,382
0,240
0,381
0,239
0,380
0,238
0,237
0,236
0,378
0,235
0,377
0,234
0,324
0,233
0,376
0,232
0,375
0,231
0,374
0,230
0,373
0,1
0,463
0,229
0,228
0,227
0,372
0,226
0,371
0,225
0,370
0,224
0,223
0,369
0,222
0,221
0,367
0,220
0,219
0,218
0,217
0,216
0,365
0,215
0,364
0,214
0,363
0,213
0,212
0,362
0,211
0,361
0,210
0,360
0,209
0,359
0,208
0,207
0,206
0,357
0,205
0,356
0,204
0,355
0,203
0,202
0,201
0,200
0,338
0,199
0,337
0,198
0,336
2,7
0,197
0,196
0,195
0,350
0,194
0,331
0,193
0,330
0,192
0,329
0,63
0,62
0,325
0,61
0,60
2,5
0,59
0,323
0,58
0,321
0,57
0,320
0,0
0,56
0,55
0,318
0,54
0,317
0,53
0,349
0,52
0,316
2,4
2,3
0,51
0,315
1,3
153,5
153,4
153,3
153,2
153,1
153,0
152,4
152,3
152,2
152,1
152,0
151,5
151,4
151,3
151,2
151,1
151,0
150,6
150,5
150,4
150,3
150,2
150,1
150,0
149,4
149,3
149,2
149,1
149,0
148,6
148,5
148,4
148,3
148,2
148,1
148,0
147,6
147,5
147,4
147,3
147,2
147,1
147,0
146,4
146,3
146,2
146,1
146,0
145,7
145,6
145,5
145,4
145,3
145,2
145,1
145,0
144,3
144,2
144,1
144,0
143,5
143,4
143,3
143,2
143,1
143,0
142,5
142,4
142,3
142,2
142,1
142,0
141,7
141,6
141,5
141,4
141,3
141,2
141,1
141,0
140,4
140,3
140,2
140,1
140,0
139,9
139,8
139,7
139,6
139,5
139,4
139,3
139,2
139,1
139,0
138,6
138,5
138,4
138,3
138,2
138,1
138,0
137,4
137,3
137,2
137,1
137,0
136,8
136,7
136,6
136,5
136,4
136,3
136,2
136,1
136,0
135,5
135,4
135,3
135,2
135,1
135,0
134,5
134,4
134,3
134,2
134,1
134,0
133,4
133,3
133,2
133,1
133,0
132,4
132,3
132,2
132,1
132,0
131,5
131,4
131,3
131,2
131,1
131,0
130,5
130,4
130,3
130,2
130,1
130,0
129,7
129,6
129,5
129,4
129,3
129,2
129,1
129,0
128,8
128,7
128,6
128,5
128,4
128,3
128,2
128,1
128,0
127,6
127,5
127,4
127,3
127,2
127,1
127,0
126,5
126,4
126,3
126,2
126,1
126,0
125,5
125,4
125,3
125,2
125,1
125,0
124,5
124,4
124,3
124,2
124,1
124,0
123,5
123,4
123,3
123,2
123,1
123,0
122,5
122,4
122,3
122,2
122,1
122,0
121,4
121,3
121,2
0,462
121,1
121,0
120,5
120,4
120,3
120,2
120,1
120,0
119,4
119,3
119,2
119,1
119,0
118,5
118,4
118,3
118,2
118,1
118,0
117,5
117,4
117,3
117,2
117,1
117,0
116,5
116,4
116,3
116,2
116,1
116,0
115,4
115,3
115,2
115,1
115,0
114,5
114,4
114,3
114,2
114,1
114,0
113,4
113,3
113,2
113,1
113,0
112,5
112,4
112,3
112,2
112,1
112,0
111,6
111,5
111,4
111,3
111,2
111,1
111,0
110,5
110,4
110,3
110,2
110,1
110,0
109,3
109,2
109,1
109,0
108,5
108,4
108,3
108,2
108,1
108,0
107,5
107,4
107,3
107,2
107,1
107,0
106,5
106,4
106,3
106,2
106,1
106,0
105,10
105,9
105,8
105,7
105,6
105,5
105,4
105,3
105,2
105,1
105,0
104,3
104,2
104,1
104,0
103,49
103,48
103,43
103,47
103,46
103,45
103,40
103,44
103,37
103,42
103,41
103,34
103,39
103,38
103,32
103,36
103,35
103,29
103,33
103,27
103,31
103,30
103,23
103,28
103,21
103,26
103,25
103,24
103,17
103,22
103,16
103,20
103,19
103,18
103,14
103,11
103,15
103,13
103,4
103,12
103,10
103,5
103,9
103,8
103,7
103,6
103,3
103,2
103,1
103,0
102,27
102,26
102,25
102,16
102,24
102,23
102,15
102,22
102,21
102,20
102,14
102,19
102,18
102,17
102,13
102,5
102,4
102,12
102,11
102,10
102,9
102,8
102,7
102,6
102,3
102,2
102,1
102,0
101,25
101,24
101,23
101,22
101,10
101,21
101,20
101,4
101,19
101,18
101,17
101,16
101,15
101,14
101,13
101,12
101,11
101,9
101,8
101,7
101,6
101,5
101,3
101,2
101,1
101,0
100,4
100,3
100,2
100,1
100,0
99,3
99,2
99,1
99,0
98,6
98,5
98,4
98,3
98,2
98,1
98,0
97,4
97,3
97,2
97,1
97,0
96,7
96,6
96,5
96,4
96,3
96,2
96,1
96,0
95,4
95,3
95,2
95,1
95,0
94,5
94,4
94,3
94,2
94,1
94,0
93,5
93,4
93,3
93,2
93,1
93,0
92,5
92,4
92,3
92,2
92,1
92,0
91,5
91,4
91,3
91,2
91,1
91,0
90,9
90,8
90,7
90,6
90,5
90,4
90,3
90,2
0,461
90,1
90,0
89,4
89,3
89,2
89,1
89,0
88,3
88,2
88,1
88,0
87,6
87,5
87,4
87,3
87,2
87,1
87,0
86,3
86,2
86,1
86,0
85,6
85,5
85,4
85,3
85,2
0,460
85,1
85,0
84,6
84,5
84,4
84,3
84,2
84,1
84,0
83,147
83,144
83,123
83,122
83,146
83,143
83,121
0,459
83,145
83,142
83,120
83,119
83,118
83,141
83,117
83,116
83,115
0,458
83,114
83,137
83,138
83,113
83,112
83,139
83,111
83,110
83,140
83,14
83,109
0,457
83,108
83,107
83,106
83,136
83,135
83,134
83,105
83,104
83,103
0,456
83,102
83,101
83,100
83,133
83,99
83,98
83,132
83,131
83,97
83,96
0,455
83,95
83,94
83,130
83,93
83,92
83,91
83,129
83,90
0,454
83,89
83,63
83,88
83,128
83,87
83,86
83,85
83,84
0,453
83,83
83,61
83,62
83,82
83,81
83,60
83,80
83,79
83,78
83,77
83,59
83,76
0,452
83,75
83,58
83,74
83,73
83,57
83,72
83,71
83,56
83,70
83,69
0,451
83,68
83,51
83,67
83,66
83,65
83,46
83,49
83,64
83,55
0,450
83,54
83,53
83,52
83,39
83,50
83,41
83,48
83,47
83,35
0,449
83,45
83,44
83,43
83,42
83,31
83,40
83,27
83,38
0,448
83,37
83,36
83,26
83,34
83,33
83,32
83,23
83,30
83,29
83,28
83,21
83,18
83,25
83,24
83,15
83,22
83,20
83,5
83,19
83,17
83,4
83,16
83,6
83,13
83,12
83,11
83,10
83,9
83,8
83,7
83,3
83,2
83,1
83,0
82,103
82,102
82,101
82,100
82,99
82,98
82,97
82,96
82,95
82,94
82,93
82,92
82,91
82,90
82,89
82,88
82,87
82,86
82,85
82,84
82,83
82,82
82,81
82,80
82,79
82,78
82,77
82,76
82,75
82,74
82,73
82,72
82,71
82,70
82,69
82,68
82,67
82,66
82,65
82,64
82,35
82,34
82,33
82,32
82,31
82,30
82,29
82,28
82,27
82,26
82,25
82,24
82,23
82,22
82,21
82,20
82,19
82,18
82,17
82,16
82,15
82,14
82,13
82,12
82,11
82,10
82,9
82,8
82,7
82,6
82,5
82,4
82,3
82,2
82,1
82,0
81,27
81,26
81,25
81,24
81,23
81,22
81,21
81,16
81,20
81,19
81,18
81,17
81,15
81,4
81,14
81,13
81,12
81,11
81,10
81,9
81,8
81,7
81,6
81,5
81,3
81,2
81,1
81,0
80,3
80,2
80,1
80,0
79,5
79,4
79,3
79,2
79,1
79,0
78,4
78,3
78,2
78,1
78,0
77,5
77,4
77,3
77,2
77,1
77,0
76,6
76,5
76,4
76,3
76,2
76,1
76,0
75,4
75,3
75,2
75,1
75,0
74,6
74,5
74,4
74,3
74,2
74,1
74,0
73,6
73,5
73,4
73,3
73,2
73,1
73,0
72,4
72,3
72,2
72,1
72,0
71,7
71,6
71,5
71,4
71,3
71,2
71,1
71,0
70,3
70,2
70,1
70,0
69,5
69,4
69,3
69,2
69,1
69,0
2,11
68,5
68,4
68,3
68,2
68,1
68,0
67,7
67,6
67,5
67,4
67,3
67,2
67,1
67,0
66,4
66,3
66,2
66,1
66,0
65,9
65,8
65,7
65,6
65,5
65,4
65,3
65,2
65,1
65,0
64,6
64,5
64,4
64,3
64,2
64,1
64,0
63,4
63,3
63,2
63,1
63,0
62,8
62,7
62,6
62,5
62,4
62,3
62,2
62,1
62,0
61,5
61,4
61,3
61,2
61,1
61,0
60,5
60,4
60,3
60,2
60,1
60,0
59,4
59,3
59,2
59,1
59,0
58,4
58,3
58,2
58,1
58,0
57,5
57,4
57,3
57,2
57,1
57,0
2,10
56,5
56,4
56,3
56,2
56,1
56,0
55,7
55,6
55,5
55,4
55,3
55,2
55,1
55,0
54,8
54,7
54,6
54,5
54,4
54,3
54,2
54,1
54,0
53,6
53,5
53,4
53,3
53,2
53,1
53,0
52,5
52,4
52,3
52,2
52,1
52,0
51,5
51,4
51,3
51,2
51,1
51,0
50,5
50,4
50,3
50,2
50,1
50,0
49,5
49,4
49,3
49,2
49,1
49,0
48,5
48,4
48,3
48,2
48,1
48,0
2,9
47,4
47,3
47,2
47,1
47,0
46,5
46,4
46,3
46,2
46,1
46,0
45,4
45,3
45,2
45,1
45,0
44,5
44,4
44,3
44,2
44,1
44,0
43,5
43,4
43,3
43,2
43,1
43,0
42,5
42,4
42,3
42,2
42,1
42,0
41,4
41,3
41,2
41,1
41,0
40,5
40,4
40,3
40,2
40,1
40,0
0,447
0,446
39,4
39,3
39,2
39,1
39,0
0,445
38,5
38,4
38,3
38,2
38,1
38,0
0,444
0,443
37,6
37,5
37,4
37,3
37,2
0,442
37,1
37,0
2,8
0,441
0,440
36,5
36,4
36,3
36,2
36,1
36,0
35,3
35,2
0,439
35,1
35,0
34,5
34,4
34,3
34,2
0,438
34,1
34,0
0,437
33,5
33,4
33,3
33,2
33,1
33,0
32,5
32,4
32,3
32,2
32,1
32,0
31,10
31,9
31,8
31,7
31,6
31,5
31,4
31,3
31,2
31,1
31,0
30,3
30,2
30,1
30,0
29,49
29,48
29,43
29,47
29,46
29,45
29,40
29,44
0,434
29,37
29,42
29,41
29,34
29,39
0,433
29,38
29,32
29,36
29,35
29,29
29,33
29,27
0,432
29,31
29,30
29,23
29,28
29,21
29,26
29,25
29,24
29,17
29,22
29,16
29,20
29,19
29,18
29,14
29,11
29,15
29,13
29,4
29,12
29,10
29,5
29,9
29,8
29,7
29,6
29,3
29,2
0,427
0,426
29,1
29,0
28,27
28,26
28,25
28,16
28,24
28,23
28,15
28,22
28,21
28,20
28,14
28,19
28,18
28,17
28,13
28,5
28,4
28,12
28,11
28,10
28,9
28,8
28,7
28,6
28,3
28,2
28,1
28,0
27,25
27,24
27,23
27,22
27,10
27,21
27,20
27,4
27,19
27,18
27,17
27,16
27,15
27,14
27,13
27,12
27,11
0,423
0,422
27,9
27,8
27,7
27,6
27,5
27,3
27,2
27,1
27,0
0,417
26,4
26,3
26,2
0,416
26,1
26,0
25,3
25,2
25,1
25,0
2,6
0,411
24,6
24,5
24,4
24,3
24,2
24,1
24,0
23,4
23,3
23,2
23,1
23,0
0,402
22,7
22,6
22,5
22,4
22,3
22,2
22,1
22,0
21,4
21,3
21,2
0,397
21,1
21,0
20,5
20,4
20,3
20,2
20,1
20,0
0,390
19,5
19,4
19,3
19,2
19,1
19,0
18,5
18,4
18,3
18,2
18,1
18,0
17,5
17,4
17,3
17,2
17,1
17,0
0,379
16,9
16,8
16,7
16,6
16,5
16,4
16,3
16,2
16,1
16,0
15,4
15,3
15,2
15,1
15,0
14,3
14,2
14,1
14,0
0,368
13,6
13,5
13,4
13,3
13,2
13,1
13,0
0,366
12,3
12,2
12,1
12,0
11,6
11,5
11,4
11,3
11,2
11,1
11,0
0,358
10,6
10,5
10,4
10,3
10,2
10,1
10,0
9,147
9,144
9,123
9,122
9,146
9,143
9,121
9,145
9,142
9,120
9,119
9,118
9,141
9,117
9,116
9,115
9,114
9,137
9,138
9,113
9,112
9,139
9,111
9,110
9,140
9,14
9,109
0,352
9,108
9,107
9,106
9,136
9,135
9,134
9,105
9,104
9,103
0,351
9,102
9,101
9,100
9,133
9,99
9,98
9,132
9,131
9,97
9,96
9,95
9,94
9,130
9,93
9,92
9,91
9,129
9,90
9,89
9,63
9,88
9,128
9,87
9,86
9,85
9,84
9,83
9,61
9,62
9,82
9,81
9,60
9,80
9,79
9,78
9,77
9,59
9,76
9,75
9,58
9,74
9,73
9,57
9,72
9,71
9,56
9,70
0,345
9,69
9,68
9,51
9,67
9,66
9,65
9,46
9,49
9,64
0,344
9,55
9,54
9,53
9,52
9,39
9,50
9,41
9,48
9,47
9,35
9,45
9,44
9,43
9,42
9,31
9,40
9,27
9,38
9,37
9,36
9,26
9,34
9,33
9,32
9,23
9,30
9,29
9,28
9,21
9,18
9,25
9,24
9,15
9,22
9,20
9,5
9,19
9,17
9,4
9,16
9,6
9,13
9,12
9,11
9,10
9,9
9,8
9,7
9,3
9,2
9,1
9,0
8,103
8,102
8,101
8,100
8,99
8,98
8,97
8,96
8,95
0,335
8,94
8,93
8,92
8,91
8,90
8,89
8,88
8,87
8,86
8,85
8,84
8,83
8,82
8,81
8,80
8,79
8,78
8,77
8,76
8,75
8,74
8,73
8,72
8,71
8,70
8,69
8,68
8,67
8,66
8,65
8,64
8,35
8,34
8,33
8,32
8,31
8,30
8,29
8,28
8,27
8,26
8,25
8,24
8,23
8,22
8,21
8,20
8,19
8,18
8,17
8,16
8,15
8,14
8,13
8,12
8,11
8,10
8,9
8,8
8,7
8,6
8,5
8,4
8,3
8,2
8,1
8,0
7,27
7,26
7,25
7,24
7,23
7,22
7,21
7,16
7,20
7,19
7,18
7,17
7,15
7,4
7,14
0,327
7,13
7,12
7,11
7,10
7,9
7,8
7,7
7,6
7,5
7,3
7,2
7,1
7,0
0,319
6,3
6,2
6,1
6,0
5,3
5,2
5,1
5,0
4,3
4,2
4,1
4,0
3,6
3,5
3,4
3,3
3,2
3,1
3,0
2,2
2,0
2,1
1,2
1,1
1,0
0,243
0,9
0,310
0,305
0,308
0,304
0,303
0,302
0,307
0,12
0,10
0,8
0,313
0,312
0,5
0,11
0,4
0,2
0,3
0,7
